[GENERAL]
DATE=March 15, 2017 at 16:13:31
CYME_VERSION=7.20
CYMDIST_REVISION=05

[SI]

[CUSTOMER CLASS]
FORMAT_CUSTOMERCLASS=ID,DCCustomerType,Description,Color,ConstantPower,ConstantCurrent,ConstantImpedance,UtilizationFactor,PowerFactor,MeteredLoads,NonMeteredLoads,LoadFactor,FrequencySensitivityP,FrequencySensitivityQ,EnableHarmonic,HarmonicCurrentSourceInPercent,IsExponentialModel,ConstantImpedanceZP,ConstantImpedanceZQ,ConstantCurrentIP,ConstantCurrentIQ,ConstantPowerPP,ConstantPowerPQ,ExponentialModelP,ExponentialModelQ,LoadFlowVoltagePercentOfNominal,LossesPerCustomer,ConnectedCenterTap1N,ConnectedCenterTap2N,AdjustmentSettings,PowerCurveModel,PowerCurveModelId
BT-DUP-F,0,,0,100.000000,0.000000,0.000000,100.000000,95.000000,1.000000,1.000000,0.000000,0.000000,0.000000,0,0,0,0.000000,0.000000,0.000000,0.000000,100.000000,100.000000,0.000000,0.000000,80.000000,0.000000,50.000000,50.000000,,,
BT-DUP-H,0,,0,100.000000,0.000000,0.000000,100.000000,95.000000,1.000000,1.000000,0.000000,0.000000,0.000000,0,0,0,0.000000,0.000000,0.000000,0.000000,100.000000,100.000000,0.000000,0.000000,80.000000,0.000000,50.000000,50.000000,,,
DOUBLE,0,,0,100.000000,0.000000,0.000000,100.000000,95.000000,1.000000,1.000000,0.000000,0.000000,0.000000,0,0,0,0.000000,0.000000,0.000000,0.000000,100.000000,100.000000,0.000000,0.000000,80.000000,0.000000,50.000000,50.000000,,,
EP-NORM,0,,0,100.000000,0.000000,0.000000,100.000000,95.000000,1.000000,1.000000,0.000000,0.000000,0.000000,0,0,0,0.000000,0.000000,0.000000,0.000000,100.000000,100.000000,0.000000,0.000000,80.000000,0.000000,50.000000,50.000000,,,
I-COURT,0,,0,100.000000,0.000000,0.000000,100.000000,95.000000,1.000000,1.000000,0.000000,0.000000,0.000000,0,0,0,0.000000,0.000000,0.000000,0.000000,100.000000,100.000000,0.000000,0.000000,80.000000,0.000000,50.000000,50.000000,,,
I-LONG,0,,0,100.000000,0.000000,0.000000,100.000000,95.000000,1.000000,1.000000,0.000000,0.000000,0.000000,0,0,0,0.000000,0.000000,0.000000,0.000000,100.000000,100.000000,0.000000,0.000000,80.000000,0.000000,50.000000,50.000000,,,
MT-DUP-F,0,,0,100.000000,0.000000,0.000000,100.000000,95.000000,1.000000,1.000000,0.000000,0.000000,0.000000,0,0,0,0.000000,0.000000,0.000000,0.000000,100.000000,100.000000,0.000000,0.000000,80.000000,0.000000,50.000000,50.000000,,,
MT-DUP-H,0,,0,100.000000,0.000000,0.000000,100.000000,95.000000,1.000000,1.000000,0.000000,0.000000,0.000000,0,0,0,0.000000,0.000000,0.000000,0.000000,100.000000,100.000000,0.000000,0.000000,80.000000,0.000000,50.000000,50.000000,,,
OTHER,0,,0,100.000000,0.000000,0.000000,100.000000,95.000000,1.000000,1.000000,0.000000,0.000000,0.000000,0,0,0,0.000000,0.000000,0.000000,0.000000,100.000000,100.000000,0.000000,0.000000,80.000000,0.000000,50.000000,50.000000,,,
SIMPLE,0,,0,100.000000,0.000000,0.000000,100.000000,95.000000,1.000000,1.000000,0.000000,0.000000,0.000000,0,0,0,0.000000,0.000000,0.000000,0.000000,100.000000,100.000000,0.000000,0.000000,80.000000,0.000000,50.000000,50.000000,,,
TRACTION,0,,0,100.000000,0.000000,0.000000,100.000000,95.000000,1.000000,1.000000,0.000000,0.000000,0.000000,0,0,0,0.000000,0.000000,0.000000,0.000000,100.000000,100.000000,0.000000,0.000000,80.000000,0.000000,50.000000,50.000000,,,


[LOADS]
FORMAT_LOADS=SectionID,DeviceNumber,DeviceStage,Flags,LoadType,Connection,Location
42722662-SPOTLOAD,42722662,,0,SPOT,0,0

[CUSTOMER LOADS]
FORMAT_CUSTOMERLOADS=SectionID,DeviceNumber,LoadType,CustomerNumber,CustomerType,ConnectionStatus,LockDuringLoadAllocation,Year,LoadModelID,NormalPriority,EmergencyPriority,ValueType,LoadPhase,Value1,Value2,ConnectedKVA,KWH,NumberOfCustomer,CenterTapPercent,CenterTapPercent2,LoadValue1N1,LoadValue1N2,LoadValue2N1,LoadValue2N2
42722662-SPOTLOAD,42722662,SPOT,44432635-142890,SIMPLE,0,0,2015,3,0,0,2,ABC,0.120019,95.000000,6.158403,1606.000000,1.000000,,,,,,
42722662-SPOTLOAD,42722662,SPOT,44432635-142890,SIMPLE,0,0,2015,4,0,0,2,ABC,0.538288,95.000000,6.158403,1606.000000,1.000000,,,,,,
42722662-SPOTLOAD,42722662,SPOT,44432635-142890,SIMPLE,0,0,2015,6,0,0,2,ABC,0.239882,95.000000,6.158403,1606.000000,1.000000,,,,,,
42722662-SPOTLOAD,42722662,SPOT,44432635-142893,SIMPLE,0,0,2015,4,0,0,2,ABC,1.363148,95.000000,6.158403,4067.000000,1.000000,,,,,,
42722662-SPOTLOAD,42722662,SPOT,44432635-142893,SIMPLE,0,0,2015,3,0,0,2,ABC,0.303934,95.000000,6.158403,4067.000000,1.000000,,,,,,
42722662-SPOTLOAD,42722662,SPOT,44432635-142893,SIMPLE,0,0,2015,6,0,0,2,ABC,0.607472,95.000000,6.158403,4067.000000,1.000000,,,,,,
42722662-SPOTLOAD,42722662,SPOT,44432635-142892,SIMPLE,0,0,2015,3,0,0,2,ABC,0.276882,95.000000,6.158403,3705.000000,1.000000,,,,,,
42722662-SPOTLOAD,42722662,SPOT,44432635-142892,SIMPLE,0,0,2015,4,0,0,2,ABC,1.241815,95.000000,6.158403,3705.000000,1.000000,,,,,,
42722662-SPOTLOAD,42722662,SPOT,44432635-142892,SIMPLE,0,0,2015,6,0,0,2,ABC,0.553402,95.000000,6.158403,3705.000000,1.000000,,,,,,
42722662-SPOTLOAD,42722662,SPOT,44432635-142895,SIMPLE,0,0,2015,3,0,0,2,ABC,0.214555,95.000000,6.158403,2871.000000,1.000000,,,,,,
42722662-SPOTLOAD,42722662,SPOT,44432635-142895,SIMPLE,0,0,2015,4,0,0,2,ABC,0.962281,95.000000,6.158403,2871.000000,1.000000,,,,,,
42722662-SPOTLOAD,42722662,SPOT,44432635-142895,SIMPLE,0,0,2015,6,0,0,2,ABC,0.428830,95.000000,6.158403,2871.000000,1.000000,,,,,,
42722662-SPOTLOAD,42722662,SPOT,44432635-142894,SIMPLE,0,0,2015,3,0,0,2,ABC,0.260366,95.000000,6.158403,3484.000000,1.000000,,,,,,
42722662-SPOTLOAD,42722662,SPOT,44432635-142894,SIMPLE,0,0,2015,4,0,0,2,ABC,1.167742,95.000000,6.158403,3484.000000,1.000000,,,,,,
42722662-SPOTLOAD,42722662,SPOT,44432635-142894,SIMPLE,0,0,2015,6,0,0,2,ABC,0.520392,95.000000,6.158403,3484.000000,1.000000,,,,,,
42722662-SPOTLOAD,42722662,SPOT,44432635-142896,SIMPLE,0,0,2015,3,0,0,2,ABC,0.212463,95.000000,6.158403,2843.000000,1.000000,,,,,,
42722662-SPOTLOAD,42722662,SPOT,44432635-142896,SIMPLE,0,0,2015,4,0,0,2,ABC,0.952896,95.000000,6.158403,2843.000000,1.000000,,,,,,
42722662-SPOTLOAD,42722662,SPOT,44432635-142896,SIMPLE,0,0,2015,6,0,0,2,ABC,0.424648,95.000000,6.158403,2843.000000,1.000000,,,,,,
42722662-SPOTLOAD,42722662,SPOT,44432635-142889,SIMPLE,0,0,2015,3,0,0,2,ABC,0.438078,95.000000,6.158403,5862.000000,1.000000,,,,,,
42722662-SPOTLOAD,42722662,SPOT,44432635-142889,SIMPLE,0,0,2015,4,0,0,2,ABC,1.964783,95.000000,6.158403,5862.000000,1.000000,,,,,,
42722662-SPOTLOAD,42722662,SPOT,44432635-142889,SIMPLE,0,0,2015,6,0,0,2,ABC,0.875584,95.000000,6.158403,5862.000000,1.000000,,,,,,
42722662-SPOTLOAD,42722662,SPOT,44432635-142891,SIMPLE,0,0,2015,4,0,0,2,ABC,1.301141,95.000000,6.158403,3882.000000,1.000000,,,,,,
42722662-SPOTLOAD,42722662,SPOT,44432635-142891,SIMPLE,0,0,2015,3,0,0,2,ABC,0.290109,95.000000,6.158403,3882.000000,1.000000,,,,,,
42722662-SPOTLOAD,42722662,SPOT,44432635-142891,SIMPLE,0,0,2015,6,0,0,2,ABC,0.579839,95.000000,6.158403,3882.000000,1.000000,,,,,,
42722662-SPOTLOAD,42722662,SPOT,44432635-142888,SIMPLE,0,0,2015,3,0,0,2,ABC,0.150211,95.000000,6.158403,2010.000000,1.000000,,,,,,
42722662-SPOTLOAD,42722662,SPOT,44432635-142888,SIMPLE,0,0,2015,4,0,0,2,ABC,0.673697,95.000000,6.158403,2010.000000,1.000000,,,,,,
42722662-SPOTLOAD,42722662,SPOT,44432635-142888,SIMPLE,0,0,2015,6,0,0,2,ABC,0.300226,95.000000,6.158403,2010.000000,1.000000,,,,,,

[LOAD MODEL INFORMATION]
FORMAT_LOADMODELINFORMATION=ID,Name
4,HIVER_MAX
3,ETE_MIN
6,MOYENNE


